DG000000 35758168.0 3298599.0 1804639.0 18217779.0 10637955.0 391613.0 64668.0 81335.0 37251.0 402820.0 821509.0 382347.0
01053105 5849.0 6.0 243.0 98.0 5480.0   1.0   21.0 3.0
01059014 696.0 33.0 23.0 562.0 64.0 0.0 0.0   2.0 12.0 
01059016 1036.0 73.0 30.0 701.0 24.0 1.0  3.0 6.0 3.0 196.0 
01059021 499.0 19.0 12.0 444.0 10.0   2.0 1.0 0.0 10.0 
01059033 310.0 21.0 8.0 244.0 6.0    1.0 0.0 30.0 
01059064 1593.0 62.0 59.0 1156.0 41.0 1.0 0.0  4.0 231.0 40.0 
01059085 1674.0 86.0 68.0 1028.0 39.0 0.0  0.0 63.0 247.0 142.0 
01060014 4091.0 2.0 82.0 119.0 3859.0  23.0   3.0 4.0 0.0
03151501 1038.0 0.0 46.0 40.0 939.0 1.0    6.0 7.0 
03153504 37239.0 137.0 629.0 244.0 34278.0 1041.0 8.0 405.0 32.0 36.0 430.0 22.0
03154501 414.0 0.0 16.0 9.0 388.0     1.0 0.0 
03154502 1873.0 0.0 149.0 7.0 1712.0 0.0    0.0 5.0 0.0
03154503 891.0 10.0 58.0 2.0 821.0     0.0  
03154504 1586.0 2.0 120.0 7.0 1455.0 1.0    0.0 1.0 
03154506 1193.0 1.0 53.0 0.0 1138.0      1.0 
03155501 17728.0 16.0 535.0 291.0 16704.0 175.0   0.0 1.0 6.0 0.0
03158501 579.0 1.0 25.0 8.0 544.0 0.0     0.0 
03158502 129.0  3.0  125.0       
03158503 581.0  17.0  564.0      0.0 
03159501 26785.0 9.0 485.0 314.0 25892.0 11.0   1.0 11.0 62.0 1.0
03255501 2336.0 0.0 62.0 42.0 2227.0 2.0    0.0 2.0 
03255502 1293.0 0.0 29.0 3.0 1260.0 1.0    0.0 0.0 
03255503 490.0 2.0 10.0  476.0 2.0      
03255504 2285.0 2.0 52.0 5.0 2225.0 0.0    0.0 0.0 
03255505 1501.0 14.0 49.0 41.0 1381.0 5.0    11.0 2.0 
03255506 2250.0 3.0 63.0 69.0 2113.0 1.0  1.0   1.0 
03255508 1588.0 0.0 46.0 6.0 1535.0 0.0     0.0 
03354501 5211.0 1.0 162.0 28.0 4958.0  55.0   1.0 6.0 
03354502 5192.0 1.0 60.0 1.0 5130.0       0.0
03452501 517.0         377.0 141.0 
03457501 31.0          31.0 
06431200 488.0 0.0 0.0 2.0 485.0       
06435200 8929.0 27.0 83.0 167.0 8612.0 24.0   1.0 3.0 12.0 1.0
06437002 7120.0 356.0 275.0 1989.0 4453.0 11.0    18.0 19.0 
06437008 2999.0 40.0 90.0 370.0 2482.0 1.0    10.0 5.0 
06437014 3048.0 112.0 97.0 630.0 2183.0 1.0    16.0 9.0 
06437015 3394.0 82.0 151.0 559.0 2592.0 0.0    4.0 6.0 
06633200 18253.0 5.0 125.0 143.0 17940.0 5.0   1.0 10.0 24.0 1.0
06636200 5032.0 3.0 21.0 10.0 4993.0 0.0   3.0  1.0 
07232052 213.0 3.0 9.0 193.0 6.0 1.0     0.0 
08317971 994.0 0.0 7.0 213.0 527.0 21.0   5.0 13.0 209.0 
08415971 6463.0 10.0 66.0 4423.0 1653.0  311.0     
09172444 2961.0 2.0 51.0 97.0 1984.0 192.0    612.0 22.0 
09173444 800.0 1.0 8.0 4.0 631.0 29.0    29.0 98.0 0.0
09175444 7563.0 39.0 219.0 62.0 7219.0 2.0    20.0 1.0 1.0
09176444 543.0 10.0 16.0  517.0     0.0  
09180444 8347.0 4.0 37.0 137.0 5107.0 20.0  0.0  2890.0 151.0 0.0
09181444 4740.0 4.0 2.0 1.0  15.0    3.0 4715.0 0.0
09183444 712.0 1.0 26.0 0.0 684.0     1.0 0.0 
09184444 7003.0 31.0 290.0 127.0 6435.0 21.0 4.0 1.0  53.0 41.0 2.0
09187444 1037.0 0.0 21.0 0.0 985.0 0.0  23.0  1.0 7.0 
09188444 5688.0 22.0 1.0 0.0 1.0 6.0  2.0 12.0 20.0 5624.0 0.0
09189444 8675.0 2.0 0.0 3.0 3.0 79.0   124.0 26.0 8437.0 
09272444 15620.0 16.0 245.0 24.0 15219.0 1.0  10.0  27.0 76.0 0.0
09273444 8870.0 15.0 180.0 24.0 8611.0 2.0    8.0 29.0 0.0
09371444 278.0  11.0 1.0 266.0     1.0 0.0 
09374444 4782.0 40.0 130.0 3.0 4480.0 0.0    110.0 19.0 
09375444 3197.0 43.0 87.0 80.0 2978.0 0.0    1.0 8.0 2.0
09376444 661.0  12.0 1.0 647.0 0.0      
09471444 8818.0 68.0 230.0 8.0 8482.0 1.0    12.0 17.0 
09472444 17160.0 61.0 535.0 57.0 16340.0 2.0    132.0 35.0 0.0
09473444 602.0  10.0 13.0 516.0 53.0    9.0 0.0 
09475444 3759.0 9.0 107.0 34.0 3588.0 5.0    10.0 7.0 0.0
09476444 2086.0 1.0 47.0 8.0 2016.0 6.0   0.0 3.0 6.0 0.0
09478444 749.0 2.0 25.0 0.0 716.0 0.0    5.0 1.0 
09479444 7702.0 27.0 174.0 43.0 7412.0 3.0  6.0  18.0 19.0 
09571444 182.0  3.0  177.0     0.0 1.0 
09572444 10266.0 37.0 373.0 29.0 9582.0 40.0 3.0   98.0 105.0 
09574444 12814.0 82.0 651.0 89.0 11652.0 66.0    219.0 55.0 0.0
09575444 274.0 0.0 11.0 218.0 16.0 10.0    18.0 1.0 
09576444 2327.0 9.0 179.0 8.0 2100.0 3.0    11.0 17.0 1.0
09671444 20424.0 19.0 722.0 56.0 19255.0 30.0    338.0 4.0 1.0
09672444 12265.0 2.0 437.0 26.0 11696.0 9.0    83.0 14.0 0.0
09673444 7948.0 0.0 293.0 20.0 7577.0 0.0    54.0 3.0 
09676444 879.0 0.0 27.0 1.0 851.0      0.0 
09677444 16723.0 6.0 416.0 37.0 16200.0 8.0    44.0 14.0 
09678444 3530.0 1.0 98.0 15.0 3410.0 0.0    1.0 6.0 
09679444 5514.0 11.0 214.0 28.0 5251.0 2.0    6.0 2.0 
09772444 328.0  8.0  320.0      0.0 
09774444 325.0 0.0 8.0 0.0 317.0      0.0 
09775444 4489.0 17.0 103.0 28.0 4210.0 23.0   3.0 17.0 87.0 
09778444 324.0 8.0 12.0 3.0 300.0 0.0    1.0 0.0 
09779444 2100.0 2.0 32.0 14.0 2024.0 0.0 0.0 0.0  1.0 27.0 1.0
09780444 1204.0 0.0 18.0 2.0 1178.0 1.0     5.0 
11001001            201.0
11002002            73.0
11003003            355.0
11004004            110.0
11005005            581.0
11006006            163.0
11007007            537.0
11008008            247.0
11009009            441.0
11010010            274.0
11011011            291.0
11012012            343.0
13072054 1443.0 65.0 30.0 1236.0 86.0 3.0    12.0 11.0 
13073026 865.0 75.0 23.0 545.0 73.0 5.0 64.0  9.0 52.0 19.0 
13073056 965.0 82.0 21.0 690.0 28.0 15.0 7.0  2.0 63.0 58.0 
13073091 238.0 34.0 10.0 129.0 35.0 3.0   1.0 24.0 2.0 
14729230 3680.0 214.0 107.0 2783.0 496.0 6.0 1.0   6.0 68.0 
16061052 1331.0 40.0 40.0 496.0 742.0 0.0 2.0  1.0 6.0 4.0 
16062004 262.0 15.0 14.0 175.0 46.0 5.0 2.0   4.0  
16062016 389.0 14.0 19.0 286.0 50.0 1.0    15.0 4.0 
16062018 1926.0 22.0 51.0 391.0 1435.0 0.0    6.0 21.0 
16062036 1147.0 83.0 58.0 480.0 492.0 4.0    15.0 14.0 
16063024 538.0 18.0 36.0 414.0 63.0    0.0 1.0 6.0 
16063029 1929.0 66.0 55.0 441.0 1357.0 3.0     7.0 
16063052 6516.0 191.0 249.0 2247.0 3748.0 3.0  1.0  24.0 54.0 
16063075 3479.0 208.0 90.0 1847.0 1252.0 1.0   1.0 23.0 58.0 
16063089 907.0 32.0 28.0 253.0 586.0 1.0    2.0 5.0 
16066067 708.0 28.0 61.0 381.0 225.0     8.0 4.0 
16067085 2682.0 156.0 119.0 1970.0 342.0 3.0    24.0 69.0 
16067086 5807.0 341.0 265.0 4486.0 572.0 39.0   10.0 24.0 69.0 
16068047 649.0 21.0 34.0 589.0 1.0 1.0 0.0   2.0 1.0 
16069048 5557.0 184.0 329.0 913.0 4016.0 0.0    76.0 38.0 
16069059 3311.0 155.0 219.0 811.0 2076.0 1.0   1.0 8.0 39.0 
16070018 4379.0 201.0 143.0 983.0 2981.0 9.0   0.0 22.0 39.0 
16070032 2751.0 220.0 126.0 704.0 1660.0 10.0 0.0  0.0 4.0 27.0 
16070042 547.0 47.0 52.0 261.0 171.0 1.0    2.0 15.0 
16070055 2868.0 125.0 151.0 1177.0 1330.0 4.0    12.0 70.0 
16070056 10292.0 328.0 510.0 6327.0 2857.0 94.0 1.0   98.0 75.0 
16072005 3212.0 248.0 103.0 1966.0 818.0 44.0    5.0 30.0 
16072009 4318.0 154.0 120.0 976.0 3034.0 16.0    0.0 18.0 
16072014 2320.0 201.0 75.0 1079.0 893.0 46.0    0.0 25.0 
16073036 692.0 87.0 49.0 381.0 165.0 0.0    9.0 2.0 
16073101 343.0 12.0 9.0 164.0 155.0 3.0     1.0 
16073108 6387.0 208.0 187.0 2353.0 3585.0 6.0    24.0 24.0 
16077006 438.0 40.0 15.0 354.0 26.0 1.0     3.0 
16077019 790.0 56.0 15.0 700.0 13.0 3.0    0.0 2.0 
16077055 1735.0 99.0 29.0 1563.0 34.0 1.0   0.0 0.0 7.0 
